1717083143057 0.002399510937249571 0
1717083144021 0.0018754718302769224 0
1717083144954 0.0019012662481529645 0
1717083146293 0.0016645775259711809 0
1717083147177 0.0020803422126118663 0
1717083148393 0.0022088515399182407 0
1717083149243 0.002411065505717837 0
1717083150210 0.0021460737298744773 0
1717083151069 0.0034788460929188053 0
1717083152127 0.001746870200781018 0
1717083152977 0.0033811386053400182 0
1717083153904 0.0029239940298936345 0
1717083154810 0.0020421756672091575 0
1717083156011 0.002974794085971153 0
1717083157160 0.00380605541980973 0
1717083158094 0.002811039788229346 0
1717083159175 0.003925644668399 0
1717083160094 0.001902053776092206 0
1717083161017 0.001729073163131754 0
1717083162072 0.002824933671669013 0
1717083163344 0.001790309597533792 0
1717083164589 0.0017648692397716132 0
1717083165577 0.0017636002734258709 0
1717083166444 0.0017892763409660983 0
1717083167494 0.0016968723634592305 0
1717083168428 0.0016968386105919956 0
1717083169411 0.0016968386105919956 0
1717083170373 0.0016968386105919956 0
1717083171374 0.0016968386105919956 0
1717083172362 0.0015885175481173467 0
1717083173694 0.0016408782752557708 0
1717083174628 0.0015885175481173467 0
1717083175606 0.0015885175481173467 0
1717083176561 0.001588420501901573 0
1717083177561 0.003256223664502144 0
1717083178561 0.0012512384379242357 0
1717083179602 0.0012512384379242357 0
1717083180528 0.0017665971805553625 0
1717083181563 0.0012512384379242357 0
1717083182561 0.001813410978486764 0
1717083183545 0.00299434486678024 0
1717083184540 0.0012689415354195403 0
1717083185545 0.0013219730229210582 0
1717083186470 0.0033729248953198177 0
1717083187421 0.0021216086441056903 0
1717083188312 0.0017207831472288097 0
1717083189278 0.0030513362985933323 0
1717083190295 0.0014857016106736686 0
1717083191275 0.0024809122802254956 0
1717083192155 0.002040471291829977 0
1717083193054 0.0028673248737070113 0
1717083194062 0.0017148806499801819 0
1717083195262 0.0033918248568519235 0
1717083196262 0.0017981219070823706 0
1717083197229 0.001685312626320467 0
1717083198262 0.0014309876210858625 0
1717083199312 0.0025939419460286337 0
1717083200562 0.0021336649675416644 0
1717083201538 0.0017777889745372343 0
1717083202504 0.0019657256417246775 0
1717083203495 0.003142038063755006 0
1717083204431 0.0017372848879926737 0
1717083205553 0.0013657751578359926 0
1717083207048 0.0016512553298406434 0
1717083208010 0.0031550438766524175 0
1717083209010 0.0012512384379242357 0
1717083210091 0.0012512384379242357 0
1717083211141 0.0012512384379242357 0
1717083212247 0.0012512384379242357 0
1717083213269 0.0012512384379242357 0
1717083214281 0.0012512743637960384 0
1717083215266 0.0016744099892111537 0
1717083216360 0.0013404956133065507 0
1717083217432 0.0013269832014300995 0
1717083218483 0.0014210931334370368 0
1717083219439 0.0017756766783148176 0
1717083220379 0.0029735654490245186 0
1717083221647 0.00166854847747919 0
1717083222715 0.0012688888196668204 0
1717083223625 0.0017597414368026858 0
1717083224691 0.0015785697275079757 0
1717083225616 0.0024805039045709474 0
1717083226619 0.0019151905149990475 0
1717083227616 0.003434464368220723 0
1717083228689 0.001320330756676364 0
1717083229991 0.0016901070007834765 0
1717083230870 0.0020015608147261224 0
1717083231826 0.001612078245410044 0
1717083232853 0.0027544375927011254 0
1717083233801 0.001683325070855764 0
1717083234853 0.0014405029261307855 0
1717083235714 0.00317639803646672 0
1717083236703 0.0016460551629361596 0
1717083238083 0.0016921013113566454 0
1717083239102 0.0013233653897819974 0
1717083240009 0.0036803284414371564 0
1717083240984 0.0012098716391218288 0
1717083241939 0.0012098716391218288 0
1717083243045 0.001514623455966262 0
1717083244025 0.0012737444827542507 0
