1717064720978 0.0015910574333233174 0
1717064722278 0.0023528139851726566 0
1717064723327 0.0020456950860430027 0
1717064724378 0.0019723111370593756 0
1717064725461 0.0021980551018652497 0
1717064726463 0.0022607669655938813 0
1717064727861 0.002191623764008772 0
1717064729341 0.0018165482972446738 0
1717064730462 0.0023247864475141795 0
1717064731471 0.003280724845405048 0
1717064732476 0.0023533905067300684 0
1717064733363 0.0027940860667752983 0
1717064734450 0.0026082646743911453 0
1717064735321 0.0019324584622798793 0
1717064736290 0.001934761150961555 0
1717064737211 0.002185342588953658 0
1717064738196 0.0019629849824178507 0
1717064739360 0.0014756562518421698 0
1717064740510 0.0018048032133610758 0
1717064741339 0.0024520944693526515 0
1717064742917 0.0009368706760299088 0
1717064744090 0.0009565954739979612 0
1717064745780 0.0009368632164995145 0
1717064747392 0.0009368632164995145 0
1717064748957 0.0009368632164995145 0
1717064750581 0.0009368632164995145 0
1717064752177 0.0009368632164995145 0
1717064753555 0.001457059614404147 0
1717064755231 0.0009877016193947299 0
1717064756845 0.0011123573007311353 0
1717064758424 0.0009368763631494161 0
1717064759762 0.001548551406400339 0
1717064760683 0.0031004136416318455 0
1717064761622 0.0016124434977515863 0
1717064763241 0.0009676948510930317 0
1717064764547 0.001858707357976761 0
1717064766276 0.0011008295029097178 0
1717064767602 0.0023709636238201633 0
1717064768596 0.0029670734562146925 0
1717064769632 0.0018883563982411253 0
1717064770681 0.0019655591887501453 0
1717064771661 0.0011967858507702818 0
1717064772931 0.0023322003078398708 0
1717064773935 0.002441691746714594 0
1717064775076 0.0034732584799682283 0
1717064776354 0.0009565714462342198 0
1717064777395 0.001164227488129376 0
1717064778318 0.0022914085735461897 0
1717064779327 0.002189142632358589 0
1717064780617 0.0019558640536981834 0
1717064781698 0.0023811492142180066 0
1717064783062 0.0013417098993433612 0
1717064784094 0.0019887052926375413 0
1717064785016 0.0013597246752351647 0
1717064786694 0.0015081058142295033 0
1717064787649 0.0020741831921094545 0
1717064788714 0.0015873234033554956 0
1717064789949 0.0028024337467618832 0
1717064791416 0.0016706230416456502 0
1717064792509 0.001366740276609451 0
1717064793378 0.0013000945113830044 0
1717064794848 0.0019404626249272887 0
1717064795962 0.0014828433032710495 0
1717064797436 0.0013429440370308964 0
1717064798561 0.001633868315165575 0
1717064800188 0.0009368632164995145 0
1717064801831 0.0009368632164995145 0
1717064803415 0.0009368632164995145 0
1717064805044 0.0009368632164995145 0
1717064806694 0.0009368632164995145 0
1717064808300 0.0009368632164995145 0
1717064809911 0.0009368729217187528 0
1717064811510 0.0009368632164995145 0
1717064813108 0.0009706848936615548 0
1717064814040 0.0028199671401739086 0
1717064815659 0.0014031188653129926 0
1717064816559 0.001789948557818 0
1717064817596 0.002771316820118278 0
1717064819020 0.0013335433664204525 0
1717064820098 0.0016449705670610675 0
1717064821713 0.0009368632164995145 0
1717064822934 0.0034981776352498374 0
1717064824077 0.0009560451022915889 0
1717064824976 0.001984780261958826 0
1717064826245 0.0028112700268756625 0
1717064827912 0.0010182139182692586 0
1717064829039 0.0016279274965753112 0
1717064830080 0.0013628796059968614 0
1717064831676 0.0011120825120940283 0
1717064832727 0.002767423122914237 0
1717064834019 0.0022636578091341703 0
1717064834944 0.0009279914132816629 0
1717064835811 0.0025837962884053675 0
1717064836772 0.0009481491829012022 0
1717064837798 0.0015291952757624722 0
1717064838620 0.001371807465030881 0
1717064839536 0.0024327280956446267 0
1717064840428 0.0012041290714011558 0
1717064841344 0.0022194802074335003 0
1717064842305 0.0009571147688885517 0
