1717065374288 0.0014959011280161478 0
1717065375432 0.0015397696227033107 0
1717065376548 0.0016877493710874682 0
1717065377521 0.0015283539653132222 0
1717065378549 0.0017951117224085612 0
1717065379480 0.0011073993867140159 0
1717065380617 0.0015717122960572439 0
1717065381737 0.001718948763489875 0
1717065382632 0.001854892751954981 0
1717065383839 0.0012628401179716475 0
1717065384783 0.0011603036151120948 0
1717065386129 0.000802819501463794 0
1717065386958 0.0012753224534018297 0
1717065388134 0.0014540269325597683 0
1717065388902 0.001707318014465831 0
1717065390157 0.0008705647707158375 0
1717065392385 0.0007912108009255827 0
1717065393850 0.0007514564988256469 0
1717065394965 0.0015231143102215187 0
1717065395895 0.001496450887264413 0
1717065397178 0.0006145170480873534 0
1717065398405 0.0006145148609464365 0
1717065399584 0.0006145148609464365 0
1717065400781 0.0006145148609464365 0
1717065401788 0.0009129494451054121 0
1717065403588 0.0006081164766463665 0
1717065405322 0.0006081164766463665 0
1717065407152 0.0006421019142254952 0
1717065408446 0.000847742485214962 0
1717065409457 0.0017804584287599398 0
1717065411201 0.0006081164766463665 0
1717065413253 0.000493468036981609 0
1717065415046 0.000493468036981609 0
1717065416084 0.0016153132364781215 0
1717065417467 0.0007786698044097964 0
1717065419243 0.000493468036981609 0
1717065420911 0.000493468036981609 0
1717065421791 0.001670792753651098 0
1717065422877 0.0016153132364781215 0
1717065423950 0.0007559992310696992 0
1717065425069 0.0012898186136548406 0
1717065426316 0.0005895196756962539 0
1717065427601 0.0013152279407366652 0
1717065428860 0.0007108949230643995 0
1717065429801 0.0017745317004368966 0
1717065430691 0.0017146224768638493 0
1717065431735 0.0013516831991300235 0
1717065433082 0.0007596997569166671 0
1717065434378 0.000869461285077496 0
1717065436185 0.0005550522120321429 0
1717065437343 0.0014623053042265948 0
1717065438632 0.0008366603327515576 0
1717065439504 0.0013614477192511881 0
1717065440480 0.0017871542799458235 0
1717065442594 0.0007315891258717106 0
1717065444267 0.0009121133929226531 0
1717065445201 0.0013984390469340899 0
1717065446418 0.0008998473068864436 0
1717065447626 0.000746179715509178 0
1717065448584 0.0013538257503345145 0
1717065450217 0.0007954027234344189 0
1717065451268 0.001847914204841284 0
1717065452579 0.0007142254348587194 0
1717065454418 0.000640047749973823 0
1717065455551 0.0012135379673299282 0
1717065457251 0.000493468036981609 0
1717065458984 0.000493468036981609 0
1717065460668 0.000493468036981609 0
1717065462368 0.000493468036981609 0
1717065464135 0.000493468036981609 0
1717065465818 0.000493468036981609 0
1717065467535 0.0004934678850338142 0
1717065469301 0.0004934678850338142 0
1717065470446 0.0010774530799456895 0
1717065471585 0.0008284418659089281 0
1717065472785 0.0005683494397155441 0
1717065473654 0.0012754699155008763 0
1717065474702 0.0016152979891906707 0
1717065476118 0.0010417494083230611 0
1717065477918 0.0008899402942346096 0
1717065479685 0.0004934678850338142 0
1717065480535 0.001120343087415291 0
1717065481952 0.0006324191076243807 0
1717065482985 0.0016093377794065473 0
1717065483803 0.0017632905368738998 0
1717065485578 0.000529834537071842 0
1717065487552 0.0008050220229515164 0
1717065489335 0.0008540710088750849 0
1717065490635 0.0008959826003818534 0
1717065491552 0.0011031275029107926 0
1717065493252 0.0005883466672876609 0
1717065494158 0.0015501787670517588 0
1717065495013 0.0018200290435420872 0
1717065496802 0.0006160988100191569 0
1717065498093 0.0010625429290283509 0
1717065499902 0.0008570540859981079 0
1717065501086 0.0011287121092955475 0
1717065502294 0.000526537717803225 0
1717065503469 0.0007221437717720132 0
1717065504503 0.0013063669761094467 0
