1714810584518 0.007805442016077722 0
1714810587706 0.0047003007619722285 0
1714810589594 0.003624765162664279 0
1714810590652 0.007132975171746925 0
1714810591852 0.0062486037725366554 0
1714810593242 0.00687508786734437 0
1714810595136 0.007745382921108638 0
1714810598068 0.004053545887200786 0
1714810600210 0.0071185733858848705 0
1714810601292 0.006641392652079022 0
1714810603705 0.006381840887454462 0
1714810605546 0.007995627561943783 0
1714810609529 0.0017156307123620592 0
1714810610976 0.003088171068417625 0
1714810615710 0.002896716789435133 0
1714810616841 0.0068837333758172406 0
1714810619425 0.0025837771878643133 0
1714810620543 0.006036967189444638 0
1714810622077 0.014653807034877704 0
1714810626811 0.0028112371052615498 0
1714810629335 0.002443853418133934 0
1714810631702 0.0015320242059548626 0
1714810632860 0.006844954929079879 0
1714810636434 0.001360189151701673 0
1714810638823 0.0015320242059548626 0
1714810639960 0.006371576847950923 0
1714810642386 0.0016727918144738038 0
1714810643512 0.006086119402708991 0
1714810644702 0.006470194970973843 0
1714810646244 0.00248194825421443 0
1714810648661 0.0015786447267623174 0
1714810651805 0.0014018382491563825 0
1714810652894 0.0064195765279992205 0
1714810654044 0.005997006392822095 0
1714810657167 0.0013937029944452682 0
1714810658624 0.003160730098188416 0
1714810660208 0.0022791479194680508 0
1714810663061 0.0013889198681204132 0
1714810664178 0.005896379150766396 0
1714810665721 0.0028694131673628353 0
1714810666872 0.00663322522831814 0
1714810668378 0.005054209456890245 0
1714810669568 0.006378506277850821 0
1714810672190 0.0014241526903334286 0
1714810673628 0.0028607231476387115 0
1714810677453 0.001603242569545198 0
1714810678662 0.005788720883981954 0
1714810679770 0.007730938133069772 0
1714810682652 0.0014732384289950454 0
1714810684732 0.006945495886653149 0
1714810686362 0.0064743733348231955 0
1714810688745 0.0014220363339803644 0
1714810690312 0.0032066795074106045 0
1714810691959 0.012457400642416907 0
1714810694286 0.001597592102954677 0
1714810695812 0.0064541511092488894 0
1714810697023 0.006484006165622469 0
1714810698196 0.006044204313883166 0
1714810700763 0.0055709079606211 0
1714810702347 0.0029039477506886523 0
1714810705671 0.0014663808784428582 0
1714810708039 0.0014988821341626547 0
1714810709146 0.0071617456210185905 0
1714810711719 0.002730909714526041 0
1714810712863 0.006625859828517528 0
1714810715831 0.0013937029944452682 0
1714810718669 0.0013937029944452682 0
1714810721537 0.0013937029944452682 0
1714810724387 0.0013937029944452682 0
1714810727399 0.0013937029944452682 0
1714810730190 0.001390039415247456 0
1714810733049 0.001390039415247456 0
1714810735950 0.0013918950215588 0
1714810737871 0.007915857777593955 0
1714810739289 0.002968544391472061 0
1714810742426 0.0014275046649110503 0
1714810745108 0.00140582432036165 0
1714810746251 0.007142754216550968 0
1714810747398 0.006402004248824035 0
1714810751897 0.00162699837395448 0
1714810753031 0.006857486618362982 0
1714810755505 0.005743263893377859 0
1714810757025 0.002885995485249186 0
1714810759706 0.0014184526753945035 0
1714810760840 0.007514002165422476 0
1714810763925 0.001450690390395527 0
1714810765141 0.006514607361354723 0
1714810769147 0.0016650063321739415 0
1714810771189 0.006675930140051714 0
1714810772542 0.0029502878906413573 0
1714810775842 0.0014327142088358207 0
1714810778345 0.0014051213138257554 0
1714810779465 0.006981183763932587 0
1714810780675 0.0072236768367799 0
1714810783413 0.0022803657894265466 0
1714810784582 0.005411512889842387 0
1714810786960 0.005743587925005449 0
1714810788415 0.0028832669373161663 0
1714810791169 0.0014211427553141034 0
1714810794220 0.0014436726581607442 0
