1714721840607 0.005501738201912504 0
1714721843065 0.002966104554164508 0
1714721845241 0.0050918556698024515 0
1714721848060 0.002483200421792752 0
1714721850225 0.006000766045351182 0
1714721852008 0.005861037081978277 0
1714721854496 0.005049320893327364 0
1714721856513 0.005473639219426394 0
1714721858650 0.0048182806241326105 0
1714721860705 0.005948707009603431 0
1714721862966 0.006472627316873963 0
1714721865023 0.005229298889615583 0
1714721867185 0.0024184004846248535 0
1714721869419 0.0025834397723202137 0
1714721872491 0.002635247941597801 0
1714721874529 0.005992084626351871 0
1714721876946 0.006156979489602225 0
1714721879146 0.006280421410006454 0
1714721882219 0.0025381592922787046 0
1714721884029 0.006110627817347688 0
1714721886388 0.002383532127359567 0
1714721888617 0.002383532127359567 0
1714721890895 0.00238225095874898 0
1714721893154 0.00238225095874898 0
1714721895422 0.00232668788172511 0
1714721897811 0.00232668788172511 0
1714721900056 0.0023302590454499944 0
1714721902427 0.0024831028493649057 0
1714721904079 0.005940049726627663 0
1714721905739 0.005418990279739263 0
1714721907387 0.005718402483785724 0
1714721908980 0.005864607576691678 0
1714721912246 0.0024108543039016855 0
1714721914348 0.00242687189555029 0
1714721916044 0.005438946598271075 0
1714721919263 0.0024044999541763686 0
1714721922328 0.0025714381861104297 0
1714721924709 0.005398861827045358 0
1714721926799 0.005361629311190798 0
1714721928687 0.006674406649215934 0
1714721930353 0.0053939734946534005 0
1714721932419 0.005683730549716981 0
1714721935831 0.002922943144997546 0
1714721939134 0.0025327149417373428 0
1714721940919 0.005202241881971313 0
1714721942981 0.005392781556289954 0
1714721945028 0.0026253287165063023 0
1714721947107 0.006814670786123425 0
1714721949237 0.005405343559659006 0
1714721952286 0.0028345964744120123 0
1714721954130 0.004618792382275498 0
1714721956102 0.005748012751126037 0
1714721958330 0.0023776079201275916 0
1714721960647 0.005898694045229869 0
1714721963233 0.0029579846695256483 0
1714721965540 0.002352014062189947 0
1714721967703 0.005125757141430072 0
1714721969433 0.005605631217340047 0
1714721972350 0.0025952726592827755 0
1714721974031 0.005297376435645458 0
1714721975674 0.005702654766131766 0
1714721979561 0.002680500964108865 0
1714721982138 0.0028588602181391517 0
1714721984552 0.0023798514784960406 0
1714721986497 0.006083107545675994 0
1714721988768 0.0023302590454499944 0
1714721991091 0.0023302590454499944 0
1714721993330 0.0023302590454499944 0
1714721995678 0.0023302590454499944 0
1714721997927 0.0023302590454499944 0
1714722000290 0.002327476347307341 0
1714722002579 0.002327476347307341 0
1714722004978 0.002327476347307341 0
1714722006744 0.005308725629504377 0
1714722008749 0.005576275370674059 0
1714722010963 0.002609579436266688 0
1714722013288 0.005950134767276547 0
1714722015935 0.002887547533946823 0
1714722017576 0.006320057045157643 0
1714722020886 0.002622469925485903 0
1714722022536 0.005609977948055741 0
1714722024561 0.005341036242045696 0
1714722026825 0.002618548385185036 0
1714722028510 0.005356800959482273 0
1714722031217 0.0038814494514516434 0
1714722034319 0.00247681948928848 0
1714722036451 0.006236200035823718 0
1714722038788 0.002357290487399214 0
1714722040544 0.005480994047631301 0
1714722042638 0.005576118397238612 0
1714722044809 0.0026114189980846092 0
1714722047208 0.005954037059290582 0
1714722050119 0.002582981743188848 0
1714722051916 0.005470455587288341 0
1714722054500 0.00302453105842346 0
1714722056190 0.005511612699881317 0
1714722059267 0.002487689222972456 0
1714722060950 0.005048457822393203 0
1714722063186 0.002609579436266688 0
1714722065513 0.005950134767276547 0
