1717084564430 0.0010356397412474706 0
1717084565620 0.002614808673086718 0
1717084566455 0.0023889389838072845 0
1717084567779 0.001747151828288201 0
1717084568938 0.0006760414789203816 0
1717084569721 0.002241787129199938 0
1717084571238 0.0008031170894002753 0
1717084572172 0.0019391376398483016 0
1717084573371 0.0011152274683168028 0
1717084574972 0.0010871164852844944 0
1717084576005 0.0029674162673169586 0
1717084577005 0.001517019756103762 0
1717084578288 0.002656980171822673 0
1717084579305 0.0008740371946785439 0
1717084580203 0.00224035777183388 0
1717084581188 0.0013985840556290394 0
1717084582638 0.0013016948000665212 0
1717084583705 0.0008803756732789596 0
1717084584855 0.0008902271780263593 0
1717084586023 0.0015909503164688468 0
1717084587155 0.0006938928414993306 0
1717084588330 0.0006938928414993306 0
1717084589489 0.0006760548037642751 0
1717084590598 0.0006760548037642751 0
1717084591731 0.0006760396833517433 0
1717084592868 0.0006508376788369199 0
1717084594133 0.0006508376788369199 0
1717084595802 0.0006828140084640562 0
1717084596822 0.0006284479833398172 0
1717084597872 0.0005193216488179315 0
1717084599006 0.0004939249813233699 0
1717084600083 0.0004939249813233699 0
1717084601172 0.0007363886435681001 0
1717084602256 0.0007750816614423341 0
1717084603265 0.0013323598447410156 0
1717084604351 0.0005031314763590756 0
1717084605439 0.0006987373282017633 0
1717084606488 0.0007750987165628063 0
1717084607473 0.0008331389193110395 0
1717084608456 0.001219023453578883 0
1717084609734 0.001517587552395111 0
1717084610806 0.0007750816614423341 0
1717084612423 0.0012913398742623414 0
1717084613218 0.0030661138924628507 0
1717084614540 0.0012612875847932553 0
1717084615832 0.0007161533122455212 0
1717084616906 0.000770568299515871 0
1717084618056 0.003016285462909468 0
1717084618973 0.00204107603113374 0
1717084620140 0.0007612078642886271 0
1717084621556 0.0006986264988874634 0
1717084623456 0.0007858579242680814 0
1717084624373 0.0013138152866235795 0
1717084625590 0.0010232579293655475 0
1717084626490 0.0014724563429253073 0
1717084628106 0.0009574853668971274 0
1717084629307 0.0019636026468682326 0
1717084630307 0.0013137601755336074 0
1717084631373 0.0007526914004965926 0
1717084632473 0.0006453488137471418 0
1717084633349 0.0019011967795177307 0
1717084635318 0.0007663762517540336 0
1717084636524 0.0012018137783422274 0
1717084637690 0.0008074844891926169 0
1717084638640 0.0014890288654533922 0
1717084639690 0.0005031314763590756 0
1717084640852 0.0005031314763590756 0
1717084641874 0.0005031314763590756 0
1717084642951 0.0005031314763590756 0
1717084643974 0.0005031314763590756 0
1717084645048 0.0005031456126794225 0
1717084646134 0.0005031446083439653 0
1717084647190 0.0005031429714371707 0
1717084648433 0.0006970502800142824 0
1717084649347 0.0016446660769140994 0
1717084650398 0.0005961208452811201 0
1717084651491 0.001145905446667917 0
1717084652541 0.0005031350080326956 0
1717084653733 0.0015165729448204162 0
1717084655034 0.0021210404658714827 0
1717084656132 0.0006219679412567943 0
1717084657286 0.0008201573646377637 0
1717084658572 0.0007654727952619529 0
1717084659408 0.0019848600748588376 0
1717084660574 0.000758542749952137 0
1717084662291 0.0005168155226658392 0
1717084663558 0.0015679192556666208 0
1717084664537 0.0006982328417896724 0
1717084665620 0.0017988461995787773 0
1717084666691 0.000600776604101727 0
1717084667666 0.001496661974977228 0
1717084668667 0.0008571789571081046 0
1717084669784 0.0008079503614930042 0
1717084670982 0.0015166086390901565 0
1717084672275 0.002261228234673552 0
1717084673325 0.0009320832766277037 0
1717084674491 0.0005953886457030612 0
1717084675641 0.0007636111632938558 0
1717084676508 0.0012183871588242678 0
1717084677707 0.00089360309770969 0
