1717082640744 0.0020917086154388967 0
1717082641678 0.0018309520045541431 0
1717082642678 0.001301534871353883 0
1717082643527 0.0022388855391146383 0
1717082644428 0.001232834501155778 0
1717082645328 0.00243361041053086 0
1717082646271 0.0016502589933996077 0
1717082647261 0.0020008899291409535 0
1717082648128 0.0011013777969127144 0
1717082649178 0.001871785997357613 0
1717082650128 0.002459271391294876 0
1717082651153 0.0017464918084091913 0
1717082651995 0.002399338571158545 0
1717082652895 0.0021693736170338754 0
1717082653975 0.001384425567793237 0
1717082654928 0.0012261851454709743 0
1717082655778 0.000920312349052826 0
1717082656645 0.001541936773561156 0
1717082657495 0.0016752532669445988 0
1717082658368 0.0015121011659663835 0
1717082659286 0.0009337729803523388 0
1717082660178 0.0009337729803523388 0
1717082661076 0.000980157929825023 0
1717082661878 0.0015332077715302882 0
1717082662828 0.000980157929825023 0
1717082663739 0.0009337729803523388 0
1717082664689 0.0009651332864762832 0
1717082665507 0.0015387653461644685 0
1717082666445 0.0017009012255358956 0
1717082667369 0.0009337794913469801 0
1717082668219 0.0009530675372169201 0
1717082669228 0.0012495197051705532 0
1717082670178 0.001278524481338385 0
1717082671024 0.0015144134772548646 0
1717082671979 0.001378108390194889 0
1717082672821 0.002174804399055659 0
1717082673756 0.0009077372059789869 0
1717082674712 0.001235518140659135 0
1717082675645 0.0010393266698021843 0
1717082676562 0.0017464706173611186 0
1717082677403 0.0015801342044315875 0
1717082678246 0.0016334032422104237 0
1717082679405 0.0013287948571280225 0
1717082680455 0.0019070330569689374 0
1717082681254 0.0018270447347943023 0
1717082682474 0.0011321435569855514 0
1717082683529 0.0007161296252271107 0
1717082684546 0.0011530967735987447 0
1717082685529 0.0015716598996179485 0
1717082686512 0.0015096743976856593 0
1717082687562 0.0007161296252271107 0
1717082688554 0.0013405683060725366 0
1717082689641 0.0007161296252271107 0
1717082690688 0.0015716598996179485 0
1717082691762 0.0007161296252271107 0
1717082692729 0.0011770247678470633 0
1717082693613 0.0015424089260501947 0
1717082694690 0.0010852968874602755 0
1717082695744 0.0018747343282765115 0
1717082696738 0.0018251836716437363 0
1717082697796 0.0008033114005116943 0
1717082698879 0.001087199657566402 0
1717082699879 0.0013727291178742581 0
1717082700996 0.0014839301727740907 0
1717082701922 0.0017551000800824007 0
1717082703013 0.0007161296252271107 0
1717082704080 0.0007161296252271107 0
1717082705180 0.0007161296252271107 0
1717082706330 0.0007161296252271107 0
1717082707379 0.0007161296252271107 0
1717082708496 0.0007341605265031823 0
1717082709546 0.001087271220907393 0
1717082710645 0.0009335905516060135 0
1717082711655 0.001421264758250704 0
1717082712713 0.0008897702853264197 0
1717082713613 0.002552883483603763 0
1717082714581 0.000767135453280141 0
1717082715630 0.0010872182642444666 0
1717082716747 0.001727500539233616 0
1717082717747 0.0010119315410849386 0
1717082718663 0.0013968137496778409 0
1717082719497 0.0017000138179561605 0
1717082720680 0.0010855543510094017 0
1717082721663 0.0017061688351406653 0
1717082722730 0.0011856879366491557 0
1717082723780 0.0009711380620321729 0
1717082724680 0.0015639590162819313 0
1717082725580 0.0015013972323653464 0
1717082726630 0.0016173374179054812 0
1717082727780 0.001316570802568846 0
1717082728875 0.0007672319949274306 0
1717082729746 0.002236764477910234 0
1717082730830 0.0009987116335840192 0
1717082731697 0.0015683487486497897 0
1717082732790 0.000834140344881201 0
1717082733694 0.0017365860093683805 0
1717082734724 0.00160460875740514 0
1717082735797 0.0007341396369963173 0
1717082736943 0.001049362813408905 0
1717082737864 0.0008449172185613433 0
