1714728284889 0.006822525049740646 0
1714728287002 0.006319257856930817 0
1714728290031 0.0034998211006173324 0
1714728292112 0.00767948216375265 0
1714728296789 0.001855636795378258 0
1714728301245 0.0035208932285002224 0
1714728304176 0.00688343513518135 0
1714728306920 0.001782392083471101 0
1714728308881 0.008065085016461174 0
1714728310602 0.005530563632639486 0
1714728314312 0.0020713609573414435 0
1714728317912 0.0022951914035784482 0
1714728319762 0.00543737299294146 0
1714728322037 0.005740854488234215 0
1714728324503 0.0065181173117506005 0
1714728327341 0.0064138761901071295 0
1714728329837 0.008427574007285466 0
1714728331617 0.00539508146943507 0
1714728334047 0.006032065512441169 0
1714728336521 0.003623387657502875 0
1714728339769 0.0018263068593120213 0
1714728342701 0.0017286557376122857 0
1714728345678 0.0017286557376122857 0
1714728348593 0.0017286557376122857 0
1714728351498 0.0017562649902238712 0
1714728354400 0.0018493251281689914 0
1714728357404 0.001786080818710728 0
1714728360342 0.0017286557376122857 0
1714728362179 0.0056256762009385996 0
1714728365157 0.0018151116707890774 0
1714728367461 0.0029165494419235694 0
1714728369263 0.005388605825556634 0
1714728371108 0.006856652331917755 0
1714728374112 0.001716176500152783 0
1714728377293 0.0032549473697524177 0
1714728380461 0.0018458117590889269 0
1714728383263 0.008064634805968708 0
1714728387313 0.0026157925781525922 0
1714728389394 0.003306489022977869 0
1714728392624 0.0017830199306539906 0
1714728395636 0.006022084725241568 0
1714728397450 0.006782263085295604 0
1714728400503 0.0017124116417135437 0
1714728403334 0.0018967808645463196 0
1714728405217 0.004866191828847959 0
1714728408384 0.0017327111923018002 0
1714728410574 0.003161163990170081 0
1714728412469 0.0054507280043180045 0
1714728414603 0.00766149516161051 0
1714728416857 0.006085131390693687 0
1714728419674 0.0019785679505818104 0
1714728423602 0.004323567518057356 0
1714728425357 0.005634665482059924 0
1714728429766 0.001939996329799571 0
1714728432572 0.0034559502700311244 0
1714728434445 0.0067957636847362415 0
1714728438344 0.0047062586194048395 0
1714728440701 0.005433925395914666 0
1714728443492 0.0017527465938905378 0
1714728445843 0.005964300460928644 0
1714728448943 0.0017856948985837608 0
1714728452964 0.0019808914435321843 0
1714728456562 0.004864212254295485 0
1714728458382 0.0054254228021515406 0
1714728460102 0.007021460877761946 0
1714728463062 0.0017286557376122857 0
1714728466057 0.0017286557376122857 0
1714728469015 0.0017286557376122857 0
1714728471996 0.0017286557376122857 0
1714728474925 0.0017286557376122857 0
1714728477953 0.0017361489758644308 0
1714728480967 0.0017217075804047991 0
1714728484042 0.0017626963886619767 0
1714728487915 0.002481048628162241 0
1714728489810 0.005227379039067496 0
1714728493576 0.004819662927745107 0
1714728496492 0.0017971665736741793 0
1714728499385 0.0035045279943215287 0
1714728501321 0.005388503302736062 0
1714728502986 0.007443576229029381 0
1714728506152 0.0017724178103859266 0
1714728509171 0.0032243756275668737 0
1714728511026 0.0051858282902304985 0
1714728514635 0.005152763841969104 0
1714728516934 0.0029802959669603217 0
1714728520004 0.0019103590828793101 0
1714728522170 0.006153725764807798 0
1714728523946 0.006771709692022834 0
1714728527062 0.0017920208611875565 0
1714728529478 0.0058155372705569145 0
1714728532293 0.001841207927413659 0
1714728534545 0.0030185571608973877 0
1714728540250 0.0027538905725372057 0
1714728542453 0.0061079311108941875 0
1714728544202 0.0070143641288868686 0
1714728547086 0.0017437322711453017 0
1714728549927 0.0017809124441912263 0
1714728552466 0.00581553569961164 0
1714728555481 0.0018769981239470876 0
1714728557753 0.002881661298937761 0
