1717065186426 0.0014587429044224244 0
1717065187343 0.002339735533325428 0
1717065188343 0.0015538461230262524 0
1717065189177 0.002409665345175337 0
1717065189993 0.002924181925373496 0
1717065191193 0.004818424388503019 0
1717065192252 0.0020906733696638966 0
1717065193193 0.0032699928337799307 0
1717065194043 0.0031507637402430825 0
1717065194869 0.002875564417938788 0
1717065195793 0.0016493372987355169 0
1717065196673 0.0027554401245717093 0
1717065197626 0.0033307810663534805 0
1717065198426 0.0030100955941344647 0
1717065199376 0.0031728548743407674 0
1717065200202 0.002386837866504078 0
1717065201110 0.003056824163154786 0
1717065202909 0.001402688497154405 0
1717065203757 0.0033101877384836957 0
1717065204728 0.0011711292290078961 0
1717065206845 0.001214911629244524 0
1717065207788 0.001250477689289446 0
1717065209808 0.001214911629244524 0
1717065211800 0.001214911629244524 0
1717065212727 0.0012503634555510303 0
1717065214727 0.0011921140550201572 0
1717065216727 0.0011921140550201572 0
1717065217610 0.0016519692126212933 0
1717065219310 0.0017004233366566738 0
1717065220410 0.0012719788180698573 0
1717065222477 0.0014547294837891612 0
1717065223453 0.0012230130808858987 0
1717065224510 0.001196142681129021 0
1717065225394 0.0015225916424452934 0
1717065227027 0.0019803261853887024 0
1717065227994 0.0011710267529876628 0
1717065229011 0.0012703166394740259 0
1717065229911 0.002278783708634674 0
1717065230960 0.0014785616758622336 0
1717065231844 0.00272381430841372 0
1717065232737 0.0018245637579584583 0
1717065233744 0.0012664134202323588 0
1717065234706 0.002002796099906935 0
1717065235744 0.002471206352815595 0
1717065236544 0.0038513064278910855 0
1717065237457 0.0016589382817875956 0
1717065238422 0.0014644639388854048 0
1717065239454 0.002103550635125258 0
1717065240244 0.003276565686433065 0
1717065241112 0.002345689144464381 0
1717065242111 0.0019122435995081691 0
1717065243078 0.0013311729965297652 0
1717065244253 0.0020359305627728323 0
1717065245078 0.00314650091590462 0
1717065245972 0.001596311752956507 0
1717065246811 0.001830099893644891 0
1717065247945 0.0011641169645048009 0
1717065249009 0.0018004743776672682 0
1717065249995 0.0029331211357460627 0
1717065251094 0.0011723535106871053 0
1717065252045 0.002004508777779061 0
1717065253078 0.002421547863268322 0
1717065254028 0.0019279732362720353 0
1717065255258 0.0011151418906003375 0
1717065256291 0.0015174801942130617 0
1717065257395 0.0011151418906003375 0
1717065258528 0.0011151418906003375 0
1717065259695 0.0011151418906003375 0
1717065260828 0.0011151418906003375 0
1717065261971 0.0011151418906003375 0
1717065263062 0.0011151418906003375 0
1717065264212 0.0011151418906003375 0
1717065265428 0.0011151472034819883 0
1717065266546 0.0011151418906003375 0
1717065267595 0.0014576073753605643 0
1717065268712 0.0011151397219019178 0
1717065269714 0.001519001066880188 0
1717065270653 0.0016073047561716315 0
1717065271762 0.0011851699948278848 0
1717065272771 0.0018984897180276419 0
1717065274845 0.0011538203973923983 0
1717065276005 0.0011267581254812303 0
1717065277012 0.0015019516267449947 0
1717065277979 0.001138007909669689 0
1717065278954 0.002205464913007593 0
1717065280823 0.0015838062051339238 0
1717065281908 0.0022756507260790477 0
1717065282778 0.003085973142450407 0
1717065283912 0.0014725188778216818 0
1717065284924 0.0014576374786109492 0
1717065285857 0.001645781949980252 0
1717065287146 0.0045001243087573915 0
1717065288272 0.0011346364206819995 0
1717065289212 0.0030030566537603037 0
1717065290370 0.0011151176650418513 0
1717065291237 0.002426941867662052 0
1717065292429 0.0013618749076751498 0
1717065293379 0.002847071050404993 0
1717065295513 0.0012305571683611913 0
1717065296587 0.0032666056018315326 0
